
paleta0 = ["#C03530","#F17C4C","#F5A980","#60505B","#82898C"]
6 Bases =
(-0.5,-0.5), (0.5,-0.5), (1,0), (1,-0.5), (-1,-0.5), (-1,0)

CAMPANA =
[(-1.5,-1.5),(-1.5,1.5),(1.5,1.5),(1.5,-1.5),(0,-0.5),(-0.5,0.5),(0.5,0.5),(0,0),(-2.5,0),(0,2.5),(-2.5,0),(0,-2.5)]

5n1 =
[(0,0),(6,0),(8,0),(7, 0.5),(7, 1.5),(-2,0),(2,0),(-3,0),(3,0),(-4,0),(4,0),(0,1),(0,-1),(0,2),(0,-2),(0,3),(0,-3),(-2,2),(2,2),(2,-2),(-2,-2),(-3,3),(3,3),(3,-3),(-3,-3),(7,-3)]

Xopera=[(1, 1), (1, -1), (-1, -1), (-1, 1),(14,1),(14,-1),(12,-1),(12,1),(13.5,0),(12.5,0),(13,0.5),(13,1.5),(2, 1), (2, -1), (-2, -1), (-2, 1), (3, 1.5), (3, -1.5), (-3, -1.5), (-3, 1.5), (4, 2), (4, -2), (-4, -2), (-4, 2), (5, 2.5), (5, -2.5), (-5, -2.5), (-5, 2.5),(0, 2), (0, -2), (0, 3), (0, -3), (0, 4), (0, -4), (0, 5), (0, -5),(1.5, 0), (-1.5, 0), (2.5, 0), (-2.5, 0), (3.5, 0), (-3.5, 0), (4.5, 0), (-4.5, 0), (5.5, 0), (-5.5, 0),(1.5, 2), (1.5, -2), (-1.5, -2), (-1.5, 2), (2, 3), (2, -3), (-2, -3), (-2, 3), (2.5, 4), (2.5, -4), (-2.5, -4), (-2.5, 4), (3, 5), (3, -5), (-3, -5), (-3, 5),(0.5,0),(-0.5,0),(0.5, 1.5), (0.5, -1.5), (-0.5, -1.5), (-0.5, 1.5),---
vents = (0,2),(0,3),(0,4),(0,5)
vents2 = (1.5,0),(2.5,0),(3.5,0),(4.5,0),(5.5,0)
base = (1,1)
peu (0.5,1.5)
agulla(0.5,0)
lateral (1.5,2),(2,3),(2.5,4),(3,5)
tap = (1.5,4.5),(1.5,5.5),(3.5,3.5),(4.5,4)
mans= (2,1),(3,1.5),(4,2),(5,2.5)

Base
Segona
Tercera
Quarta
Alsadora
Xicalla
Mans
Vents
Laterals
Agulla
Peu
Tap
Passadora
Recollidora
Genoll
Contrafort
Guia
Puntal
Crossa






